	giá				dịch_vụ				an_toàn				chất_lượng			ship		chính_hãng
'p': [0.9431818181818182, 0.9, 0.8536585365853658, 0.9111111111111111, 0.9213483146067416, 0.9230769230769231]
'r': [0.9880952380952381, 0.8780487804878049, 0.9722222222222222, 0.9010989010989011, 0.9425287356321839, 1.0]
'f1': [0.9651162790697674, 0.888888888888889, 0.9090909090909091, 0.9060773480662984, 0.9318181818181818, 0.9600000000000001]
'micro': (0.9150090415913201, 0.9353049907578558, 0.9250457038391227)
'macro': (0.90872945059366, 0.9469989795893916, 0.9268319344890076)