	giá				dịch_vụ				an_toàn				chất_lượng			ship		chính_hãng
'p': [0.9791666666666666, 0.875, 0.8888888888888888, 0.9183673469387755, 0.9568345323741008, 1.0]
'r': [0.5595238095238095, 0.8536585365853658, 0.6666666666666666, 0.7417582417582418, 0.764367816091954, 0.3333333333333333]
'f1': [0.712121212121212, 0.8641975308641976, 0.761904761904762, 0.8206686930091186, 0.8498402555910544, 0.5]
'micro': (0.9339853300733496, 0.7060998151571165, 0.8042105263157895)
'macro': (0.9363762391447387, 0.6532180673265618, 0.7514554089150574)