	giá				dịch_vụ				an_toàn				chất_lượng			ship		chính_hãng
'p': [0.9213483146067416, 0.8333333333333334, 0.8536585365853658, 0.851063829787234, 0.9135135135135135, 0.9230769230769231]
'r': [0.9761904761904762, 0.7317073170731707, 0.9722222222222222, 0.8791208791208791, 0.9712643678160919, 1.0]
'f1': [0.9479768786127167, 0.7792207792207793, 0.9090909090909091, 0.8648648648648649, 0.9415041782729805, 0.9600000000000001]
'micro': (0.8849557522123894, 0.9242144177449169, 0.9041591320072332)
'macro': (0.8826657418171853, 0.9217508770704734, 0.900442935010375)