	giá				dịch_vụ				an_toàn				chất_lượng			ship		chính_hãng
'p': [0.9431818181818182, 0.9230769230769231, 0.8717948717948718, 0.9171270718232044, 0.9222222222222223, 0.96]
'r': [0.9880952380952381, 0.8780487804878049, 0.9444444444444444, 0.9120879120879121, 0.9540229885057471, 1.0]
'f1': [0.9651162790697674, 0.9, 0.9066666666666667, 0.9146005509641872, 0.9378531073446328, 0.9795918367346939]
'micro': (0.9221014492753623, 0.9408502772643254, 0.9313815187557182)
'macro': (0.9229004845165066, 0.9461165606035244, 0.9339714067966581)