	giá				dịch_vụ				an_toàn				chất_lượng			ship		chính_hãng
'p': [0.9529411764705882, 0.8205128205128205, 0.8611111111111112, 0.8901098901098901, 0.9506172839506173, 0.96]
'r': [0.9642857142857143, 0.7804878048780488, 0.8611111111111112, 0.8901098901098901, 0.8850574712643678, 1.0]
'f1': [0.9585798816568047, 0.8, 0.8611111111111112, 0.8901098901098901, 0.9166666666666666, 0.9795918367346939]
'micro': (0.9149338374291115, 0.8946395563770795, 0.9046728971962615)
'macro': (0.9058820470258379, 0.8968419986081887, 0.9010098977131945)