	giá				dịch_vụ				an_toàn				chất_lượng			ship		chính_hãng
'p': [0.9230769230769231, 	0.6486486486486487, 	0.8181818181818182, 	0.8301886792452831, 	0.8923076923076924, 	0.8888888888888888]
'r': [1.0,    			0.5853658536585366, 	1.0, 			0.967032967032967, 	1.0, 			1.0]
'f1': [0.9600000000000001, 	0.6153846153846153, 	0.9, 			0.8934010152284264, 	0.9430894308943091, 	0.9411764705882353]
'micro': (0.8547854785478548, 0.9574861367837338, 0.9032258064516128)
'macro': (0.8335487750582091, 0.9253998034485841, 0.8755085886825977)