	      giá				dịch_vụ				an_toàn				chất_lượng			ship		chính_hãng
'p': [0.9647058823529412, 0.8648648648648649, 0.967741935483871, 0.9153439153439153, 0.9479768786127167, 0.96]
'r': [0.9761904761904762, 0.7804878048780488, 0.8333333333333334, 0.9505494505494505, 0.9425287356321839, 1.0]
'f1': [0.9704142011834319, 0.8205128205128206, 0.8955223880597015, 0.9326145552560646, 0.9452449567723343, 0.9795918367346939]
'micro': (0.9351851851851852, 0.933456561922366, 0.9343200740055505)
'macro': (0.9367722461097182, 0.9138483000972487, 0.9239834597531745)