	giá				dịch_vụ				an_toàn				chất_lượng			ship		chính_hãng
'p': [0.9545454545454546, 0.925531914893617, 0.9439252336448598, 0.918918918918919, 0.9456264775413712, 0.9761904761904762]
'r': [0.9483870967741935, 0.8787878787878788, 0.9619047619047619, 0.9357798165137615, 0.9456264775413712, 0.9647058823529412]
'f1': [0.9514563106796117, 0.9015544041450778, 0.9528301886792454, 0.9272727272727272, 0.9456264775413712, 0.9704142011834319]
'micro': (0.9397489539748954, 0.940536013400335, 0.9401423189619088)
'macro': (0.9441230792891163, 0.9391986523124848, 0.9415257182502441)