	giá				dịch_vụ				an_toàn				chất_lượng			ship		chính_hãng
'p': [0.9683544303797469, 0.9166666666666666, 0.9519230769230769, 0.9604863221884499, 0.9206349206349206, 0.9642857142857143]
'r': [0.9870967741935484, 0.8888888888888888, 0.9428571428571428, 0.9663608562691132, 0.9598108747044918, 0.9529411764705882]
'f1': [0.9776357827476039, 0.9025641025641026, 0.9473684210526315, 0.9634146341463415, 0.9398148148148148, 0.9585798816568047]
'micro': (0.943069306930693, 0.957286432160804, 0.9501246882793017)
'macro': (0.9470585218464292, 0.9496592855639623, 0.9482296061637164)