	giá				dịch_vụ				an_toàn				chất_lượng			ship		chính_hãng
'p': [0.9393939393939394, 0.7117117117117117, 0.8898305084745762, 0.8831521739130435, 0.8511066398390342, 0.9659090909090909]
'r': [1.0, 0.797979797979798, 1.0, 0.9938837920489296, 1.0, 1.0]
'f1': [0.96875, 0.7523809523809525, 0.9417040358744395, 0.935251798561151, 0.9195652173913043, 0.9826589595375723]
'micro': (0.8700816629547142, 0.981574539363484, 0.9224714679260133)
'macro': (0.8735173440402325, 0.9653105983381213, 0.91671849395757)