	giá				dịch_vụ				an_toàn				chất_lượng			ship		chính_hãng
'p': [0.9393939393939394, 0.9278350515463918, 0.9285714285714286, 0.9331395348837209, 0.9433106575963719, 0.9659090909090909]
'r': [1.0, 0.9090909090909091, 0.9904761904761905, 0.981651376146789, 0.983451536643026, 1.0]
'f1': [0.96875, 0.9183673469387756, 0.9585253456221199, 0.9567809239940388, 0.9629629629629629, 0.9826589595375723]
'micro': (0.9390537289494787, 0.9807370184254607, 0.9594428512904548)
'macro': (0.9396932838168239, 0.9774450020594858, 0.9580075898425783)