	giá				dịch_vụ				an_toàn				chất_lượng			ship		chính_hãng
'p': [0.9393939393939394, 0.898989898989899, 0.9272727272727272, 0.9260355029585798, 0.9004424778761062, 0.9651162790697675]
'r': [1.0, 0.898989898989899, 0.9714285714285714, 0.9571865443425076, 0.9621749408983451, 0.9764705882352941]
'f1': [0.96875, 0.898989898989899, 0.9488372093023255, 0.9413533834586466, 0.9302857142857143, 0.9707602339181286]
'micro': (0.9192, 0.9623115577889447, 0.9402618657937807)
'macro': (0.9262084709268366, 0.9610417573157696, 0.9431627399924524)