	giá				dịch_vụ				an_toàn				chất_lượng			ship		chính_hãng
'p': [0.9795918367346939, 0.9393939393939394, 0.9659090909090909, 0.9652509652509652, 0.9262295081967213, 0.9848484848484849]
'r': [0.6193548387096774, 0.6262626262626263, 0.8095238095238095, 0.764525993883792, 0.5342789598108747, 0.7647058823529411]
'f1': [0.7588932806324111, 0.7515151515151516, 0.8808290155440414, 0.8532423208191128, 0.6776611694152923, 0.8609271523178808]
'micro': (0.9549330085261876, 0.6566164154103853, 0.7781637717121589)
'macro': (0.9602039708889825, 0.6864420184239535, 0.7971780150406484)