	giá				dịch_vụ				an_toàn				chất_lượng			ship		chính_hãng
'p': [0.967948717948718, 0.8736842105263158, 0.96, 0.9230769230769231, 0.927570093457944, 1.0]
'r': [0.9741935483870968, 0.8383838383838383, 0.9142857142857143, 0.9174311926605505, 0.9385342789598109, 0.9764705882352941]
'f1': [0.9710610932475885, 0.8556701030927836, 0.9365853658536586, 0.9202453987730062, 0.9330199764982374, 0.988095238095238]
'micro': (0.9351305812973884, 0.9296482412060302, 0.9323813523729526)
'macro': (0.9420466575016501, 0.9265498601520509, 0.9341128625934187)