	giá				dịch_vụ				an_toàn				chất_lượng			ship		chính_hãng
'p': [0.9803921568627451, 0.9545454545454546, 0.9550561797752809, 0.9346153846153846, 0.9047619047619048, 0.9710144927536232]
'r': [0.6451612903225806, 0.6363636363636364, 0.8095238095238095, 0.7431192660550459, 0.35933806146572106, 0.788235294117647]
'f1': [0.7782101167315175, 0.7636363636363637, 0.8762886597938143, 0.82793867120954, 0.5143824027072759, 0.8701298701298701]
'micro': (0.9416445623342176, 0.5946398659966499, 0.728952772073922)
'macro': (0.9500642622190655, 0.6636235596414067, 0.7717643473680637)