	giá				dịch_vụ				an_toàn				chất_lượng			ship		chính_hãng
'p': [0.9724770642201835, 0.9305555555555556, 0.9444444444444444, 0.9657794676806084, 0.9368932038834952, 0.9827586206896551]
'r': [0.6666666666666666, 0.67, 0.8333333333333334, 0.7426900584795322, 0.44988344988344986, 0.6951219512195121]
'f1': [0.7910447761194029, 0.7790697674418605, 0.8854166666666667, 0.8396694214876034, 0.6078740157480315, 0.8142857142857143]
'micro': (0.9548872180451128, 0.627677100494234, 0.757455268389662)
'macro': (0.9554847260789904, 0.6762825765970822, 0.7862267269582132)