	giá				dịch_vụ				an_toàn				chất_lượng			ship		chính_hãng
'p': [0.9506172839506173, 0.8653846153846154, 0.9433962264150944, 0.9046242774566474, 0.9213483146067416, 0.9655172413793104]
'r': [0.9935483870967742, 0.9090909090909091, 0.9523809523809523, 0.9571865443425076, 0.9692671394799054, 0.9882352941176471]
'f1': [0.971608832807571, 0.8866995073891625, 0.9478672985781991, 0.9301634472511143, 0.9447004608294931, 0.9767441860465116]
'micro': (0.9208, 0.9639865996649917, 0.9418985270049101)
'macro': (0.9251479931988378, 0.961618204418116, 0.9429639554836752)