	giá				dịch_vụ				an_toàn				chất_lượng			ship		chính_hãng
'p': [0.9393939393939394, 0.7040816326530612, 0.8898305084745762, 0.8624338624338624, 0.8511066398390342, 0.9659090909090909]
'r': [1.0, 0.696969696969697, 1.0, 0.9969418960244648, 1.0, 1.0]
'f1': [0.96875, 0.7005076142131981, 0.9417040358744395, 0.924822695035461, 0.9195652173913043, 0.9826589595375723]
'micro': (0.8653273809523809, 0.974036850921273, 0.9164696611505123)
'macro': (0.8687926122839275, 0.9489852654990271, 0.9063347536753291)