	giá				dịch_vụ				an_toàn				chất_lượng			ship		chính_hãng
'p': [0.9451219512195121, 0.8958333333333334, 0.9444444444444444, 0.9287833827893175, 0.8917748917748918, 0.9764705882352941]
'r': [1.0, 0.8686868686868687, 0.9714285714285714, 0.9571865443425076, 0.9739952718676123, 0.9764705882352941]
'f1': [0.9717868338557993, 0.8820512820512821, 0.9577464788732395, 0.9427710843373495, 0.9310734463276836, 0.9764705882352941]
'micro': (0.9193290734824281, 0.9639865996649917, 0.9411283728536387)
'macro': (0.9304047652994657, 0.957961307426809, 0.943649952280108)