	giá				dịch_vụ				an_toàn				chất_lượng			ship		chính_hãng
'p': [0.9573170731707317, 0.8867924528301887, 0.9339622641509434, 0.9608433734939759, 0.9147982062780269, 0.9659090909090909]
'r': [1.0, 0.9038461538461539, 0.9801980198019802, 0.9755351681957186, 0.9714285714285714, 1.0]
'f1': [0.9781931464174455, 0.8952380952380953, 0.9565217391304348, 0.9681335356600911, 0.9422632794457274, 0.9826589595375723]
'micro': (0.9355877616747182, 0.9731993299832495, 0.9540229885057472)
'macro': (0.9366037434721596, 0.9718346522120705, 0.9538347925715612)