	giá				dịch_vụ				an_toàn				chất_lượng			ship		chính_hãng
'p': [0.2, 0.7368421052631579, 0.7333333333333333, 0.7241379310344828, 0.6545454545454545, 0.16666666666666666]
'r': [0.14285714285714285, 0.7777777777777778, 0.6470588235294118, 0.7924528301886793, 0.47368421052631576, 0.3333333333333333]
'f1': [0.16666666666666666, 0.7567567567567567, 0.6875, 0.7567567567567567, 0.549618320610687, 0.2222222222222222]
'micro': (0.672316384180791, 0.6197916666666666, 0.6449864498644986)
'macro': (0.5359209151405159, 0.5278606863687768, 0.5232534538355149)