	giá				dịch_vụ				an_toàn				chất_lượng			ship		chính_hãng
'p': [0.9573170731707317, 0.8099173553719008, 0.8938053097345132, 0.8873626373626373, 0.8580246913580247, 0.9659090909090909]
'r': [1.0, 0.9423076923076923, 1.0, 0.9877675840978594, 0.9928571428571429, 1.0]
'f1': [0.9781931464174455, 0.8711111111111111, 0.9439252336448598, 0.9348769898697541, 0.9205298013245033, 0.9826589595375723]
'micro': (0.8839820359281437, 0.9891122278056952, 0.9335968379446641)
'macro': (0.8953893596511499, 0.9871554032104491, 0.9385492069842076)