	giá				dịch_vụ				an_toàn				chất_lượng			ship		chính_hãng
'p': [0.954248366013072, 0.8522727272727273, 0.8725490196078431, 0.91875, 0.878345498783455, 0.9759036144578314]
'r': [0.9299363057324841, 0.7211538461538461, 0.8811881188118812, 0.8990825688073395, 0.8595238095238096, 0.9529411764705882]
'f1': [0.9419354838709678, 0.78125, 0.8768472906403942, 0.9088098918083461, 0.8688327316486162, 0.9642857142857143]
'micro': (0.9040622299049266, 0.8760469011725294, 0.8898341131433434)
'macro': (0.9086782043558214, 0.8739709709166581, 0.8903268520423397)