	giá				dịch_vụ				an_toàn				chất_lượng			ship		chính_hãng
'p': [0.9573170731707317, 0.8596491228070176, 0.8782608695652174, 0.9337175792507204, 0.8744769874476988, 0.9659090909090909]
'r': [1.0, 0.9423076923076923, 1.0, 0.9908256880733946, 0.9952380952380953, 1.0]
'f1': [0.9781931464174455, 0.8990825688073394, 0.9351851851851852, 0.9614243323442137, 0.9309576837416481, 0.9826589595375723]
'micro': (0.9058192955589587, 0.990787269681742, 0.9464)
'macro': (0.9115551205250795, 0.9880619126031971, 0.9479169793389005)